Иванов Иван Петрович
М
1321
1
5 5 5 5 5 5 5 5 
Петров Михаил Алексеевич
М
1321
2
4 5 5 5 3 4 5 5 
Смирнов Анатолий Евгеньевич
М
1321
3
4 5 4 4 5 5 5 5 
Петров Александр Сергеевич
М
1321
4
4 5 4 5 5 3 5 4 
Васильев Юрий Андреевич
М
1321
5
4 5 4 5 4 4 5 4 
Петров Петр Иванович
М
1321
6
4 5 4 4 5 3 4 5 
Семенова Анна Александровна
Ж
1321
7
4 5 4 4 5 5 4 5 
Иванова Людмила Георгиевна
Ж
1321
8
4 5 5 4 3 5 4 3 
Иванов Сергей Петрович
М
1321
9
4 5 4 5 3 5 5 4 
Иванов Иван Иванович
М
1321
10
4 5 5 4 5 5 5 4 
Лебедев Валентин Эдуардович
М
1321
11
4 5 5 5 3 4 5 5 
Николаев Савва Максимович
М
1321
12
4 5 3 4 5 5 4 3 
Воробьев Максим Родионович
М
1321
13
4 5 5 5 5 5 4 5 
Калашникова Яна Максимовна
Ж
1321
14
4 5 4 4 4 5 4 5 
Никитина Злата Кирилловна
Ж
1321
15
3 4 5 5 4 3 4 5 
Родионова Василиса Михайловна
Ж
1321
16
4 5 4 5 4 5 3 3 
Федорова Виктория Георгиевна
Ж
1321
17
4 5 4 5 3 4 5 4 
Иванов Герман Романович
М
1321
18
3 4 5 3 4 3 5 4 
Спиридонов Мирон Ярославович
М
1321
19
4 5 5 5 5 5 4 5 
Семенов Мирон Романович
М
1321
20
3 4 3 3 4 5 3 4 
Артамонов Арсений Артёмович
М
1323
1
3 5 4 3 4 5 4 5 
Лукьянов Герман Гордеевич
М
1323
2
4 5 4 5 5 5 4 5 
Комиссарова Варвара Тимофеевна
Ж
1323
3
4 5 5 5 5 5 5 5 
Иванов Игорь Георгиевич
М
1323
4
4 3 5 5 5 4 5 4 
Савельев Михаил Алексеевич
М
1323
6
5 4 5 4 3 5 4 5 
Колобов Алексей Михайлович
М
1323
7
4 5 3 5 4 5 4 5 
Иванов Илья Александрович
М
1323
9
4 5 4 3 4 5 4 5 
Покровская Милана Платонова
Ж
1324
4
4 5 4 5 5 4 5 5 
Белов Егор Ильич
М
1324
1
4 4 4 4 4 4 4 4
Щербакова Яна Артёмовна
Ж
1324
2
4 5 5 4 5 4 5 4 
Иванова Анфиса Сергеевна
Ж
1324
3
4 5 5 5 4 4 5 4 