Иванов Иван Петрович
М
1321
12
5 5 5 5 5 5 5 5 
Петров Михаил Алексеевич
М
1321
27
4 5 5 5 3 4 5 5 
Смирнов Анатолий Евгеньевич
М
1429
1
4 5 4 4 5 5 5 5 
Петров Александр Сергеевич
М
2123
23
4 5 4 5 5 3 5 4 
Васильев Юрий Андреевич
М
2712
15
4 5 4 5 4 4 5 4 
Петров Петр Иванович
М
3112
16
4 5 4 4 5 3 4 5 
Семенова Аня Александровна
Ж
3112
22
4 5 4 4 5 5 4 5 
Иванова Людмила Георгиевна
Ж
3123
15
4 5 5 4 3 5 4 3 
Иванов Сергей Петрович
М
3129
10
4 5 4 5 3 5 5 4 
Иванов Иван Иванович
М
3214
25
4 5 5 4 5 5 5 4 
Лебедев Валентин Эдуардович
М
3317
5
4 5 5 5 3 4 5 5 